[
  {
    "cluster_name": "Руководитель отдела нормоконтроля",
    "cluster_emb": [
      0.06965997070074081,
      -0.03457451984286308,
      0.02887590229511261,
      0.13961206376552582,
      0.10026106238365173,
      -0.04161971062421799,
      0.1227646917104721,
      -0.01371744740754366,
      0.09025488048791885,
      -0.07880641520023346,
      0.012239443138241768,
      -0.0035078723449259996,
      0.06257673352956772,
      -0.06574733555316925,
      -0.07611346244812012,
      0.009457710199058056,
      -0.06145026162266731,
      0.0208782609552145,
      0.04474882781505585,
      0.014326559379696846,
      0.012089774943888187,
      0.04354095831513405,
      -0.0027795627247542143,
      -0.03986278548836708,
      -0.022218866273760796,
      0.006737788673490286,
      -0.024361981078982353,
      -0.0266712736338377,
      0.012994803488254547,
      -0.003912918269634247,
      0.020250195637345314,
      -0.013778282329440117,
      0.013936853036284447,
      0.01755882427096367,
      0.0014092671917751431,
      -0.016806533560156822,
      -0.0044372472912073135,
      -0.017854927107691765,
      -0.003917471971362829,
      0.014260691590607166,
      -0.012606116011738777,
      -0.006183978635817766,
      -0.01791410893201828,
      -0.0019506594398990273,
      -0.007638288661837578,
      0.01584894210100174,
      0.0037740329280495644,
      -0.0032005535904318094,
      0.0016977627528831363,
      -0.004126227460801601,
      -0.005074340850114822,
      0.0020864021498709917,
      -0.007863221690058708
    ]
  },
  {
    "cluster_name": "Администратор в кондитерскую",
    "cluster_emb": [
      0.06602775305509567,
      0.07650968432426453,
      -0.013933179900050163,
      -0.21462051570415497,
      0.01012851670384407,
      -0.0732136219739914,
      0.07841458916664124,
      -0.12717188894748688,
      0.08481889963150024,
      -0.05241783335804939,
      0.05790049955248833,
      0.025279199704527855,
      0.04797888547182083,
      0.018745532259345055,
      0.06001017615199089,
      0.03483842685818672,
      0.04887387156486511,
      0.014369760639965534,
      -0.016684865579009056,
      0.05291552469134331,
      0.01727410778403282,
      -0.006947063375264406,
      0.0020081643015146255,
      0.011576955206692219,
      0.023591702803969383,
      -0.014302040450274944,
      -0.004244741518050432,
      0.0069769141264259815,
      -0.017701610922813416,
      -0.013988831080496311,
      -0.005200020037591457,
      -0.031086990609765053,
      0.009517600759863853,
      0.0010708492482081056,
      0.0070075830444693565,
      -0.0024377484805881977,
      0.007966074161231518,
      0.0020246219355612993,
      0.012186327017843723,
      -0.00895084347575903,
      -0.0010017233435064554,
      0.004387047607451677,
      0.0012303926050662994,
      -0.009589608758687973,
      -0.010378501377999783,
      -0.0003426678304094821,
      -0.006813211366534233,
      0.004505021497607231,
      0.009934507310390472,
      0.005053167697042227,
      5.1805609473376535e-06,
      0.005469069816172123,
      -0.00020089135796297342
    ]
  },
  {
    "cluster_name": "Медицинская сестра/Медицинский брат в хирургическое отделение",
    "cluster_emb": [
      0.028030747547745705,
      0.14263103902339935,
      0.013855400495231152,
      -0.1259043663740158,
      -0.2496461123228073,
      0.019173622131347656,
      0.10754802823066711,
      0.0028377885464578867,
      -0.13315731287002563,
      0.07928243279457092,
      0.09546942263841629,
      -0.09486143290996552,
      0.01948111690580845,
      -0.07898861169815063,
      0.00022576324408873916,
      0.0031911563128232956,
      -0.005444848444312811,
      0.009139941073954105,
      0.018536237999796867,
      0.022631147876381874,
      -0.08602752536535263,
      0.052114445716142654,
      0.03398912027478218,
      -0.027457719668745995,
      -0.014709997922182083,
      -0.0055436305701732635,
      0.02831908129155636,
      0.02585522271692753,
      0.02877558395266533,
      -0.016427740454673767,
      -0.007442485075443983,
      -0.011928727850317955,
      0.01542653888463974,
      0.0333741270005703,
      -0.012563425116240978,
      -0.014656555838882923,
      -0.022657189518213272,
      -0.009452435187995434,
      -0.005368080455809832,
      -0.02518397569656372,
      -0.019893623888492584,
      0.008368687704205513,
      -0.006537939887493849,
      0.01733306236565113,
      0.004788683727383614,
      0.019634239375591278,
      -0.015037715435028076,
      -0.009118465706706047,
      0.007085111923515797,
      0.0009957579895853996,
      -0.008139779791235924,
      0.014602182433009148,
      0.008467334322631359
    ]
  },
  {
    "cluster_name": "Бухгалтер (в единственном числе)",
    "cluster_emb": [
      0.022530850023031235,
      0.0316888689994812,
      0.029602140188217163,
      -0.06789610534906387,
      -0.009403365664184093,
      0.24082091450691223,
      0.018710630014538765,
      0.11681061238050461,
      0.012301097624003887,
      0.08589845895767212,
      -0.05258117616176605,
      0.12053194642066956,
      0.015692029148340225,
      -0.1223115622997284,
      0.013728195801377296,
      -0.12633353471755981,
      0.03474830090999603,
      -0.043586961925029755,
      0.015252755954861641,
      0.10690541565418243,
      -0.027975786477327347,
      0.01778307929635048,
      -0.01000517513602972,
      -0.042163386940956116,
      0.021412363275885582,
      0.0312381312251091,
      -0.04712167754769325,
      -0.01005279365926981,
      -0.03059306927025318,
      0.020877456292510033,
      5.62872774025891e-05,
      0.010210705921053886,
      0.016300451010465622,
      -0.006908762268722057,
      -0.014583523385226727,
      0.01773799955844879,
      0.006618394982069731,
      -0.022203940898180008,
      0.024048225954174995,
      0.005352146923542023,
      -0.007764968555420637,
      0.01315292064100504,
      -0.035609956830739975,
      -0.010628030635416508,
      0.0009555923752486706,
      -0.025247158482670784,
      -0.008083222433924675,
      -0.013603157363831997,
      0.0010374437551945448,
      0.001961803762242198,
      0.011085777543485165,
      0.004273219499737024,
      -0.012882097624242306
    ]
  },
  {
    "cluster_name": "Бармен-официант в кальянную HookahPlace Red Rose",
    "cluster_emb": [
      -0.11559486389160156,
      0.043020736426115036,
      0.07722927629947662,
      -0.0564010851085186,
      0.08270381391048431,
      0.027135394513607025,
      -0.03628697991371155,
      0.038982048630714417,
      -0.03360551968216896,
      0.05430203303694725,
      -0.02689959667623043,
      -0.02304656058549881,
      0.007813489064574242,
      -0.012830114923417568,
      -0.025563275441527367,
      -0.02419036626815796,
      0.00021347090660128742,
      0.012556021101772785,
      -0.024611808359622955,
      -0.01430642418563366,
      0.006562767084687948,
      -0.046399615705013275,
      0.03105830028653145,
      -0.012407643720507622,
      0.008376779966056347,
      -0.03075321950018406,
      -0.005894546862691641,
      -0.025492476299405098,
      0.010536632500588894,
      0.011973468586802483,
      0.002160124247893691,
      -0.03186886012554169,
      -0.0003108436067122966,
      -0.006614344660192728,
      -0.01546635851264,
      0.007819017395377159,
      -0.016033457592129707,
      0.010832793079316616,
      -0.01939157396554947,
      -0.004155569709837437,
      -0.005687370430678129,
      -0.012181146070361137,
      -0.018242472782731056,
      0.0028629256412386894,
      -0.005038444884121418,
      0.006101662293076515,
      0.007790714036673307,
      -0.005832244176417589,
      -0.00511246407404542,
      -0.0029118324164301157,
      -0.00951958168298006,
      -0.019501836970448494,
      -0.00703028729185462
    ]
  },
  {
    "cluster_name": "Менеджер по продажам в ателье мебели Mr.Doors",
    "cluster_emb": [
      0.1326545625925064,
      -0.2546893060207367,
      -0.09808290749788284,
      0.04558993875980377,
      0.01374527346342802,
      -0.012795946560800076,
      0.042148660868406296,
      0.01325510535389185,
      0.009916659444570541,
      0.040378324687480927,
      -0.012883789837360382,
      0.0017606987385079265,
      0.01139824278652668,
      -0.026023054495453835,
      0.039750780910253525,
      0.042436834424734116,
      -0.024586346000432968,
      -0.044306959956884384,
      -0.036646027117967606,
      0.017665190622210503,
      0.015554471872746944,
      -0.007169848773628473,
      -0.010578769259154797,
      0.010198287665843964,
      -0.04031789302825928,
      -0.018419716507196426,
      0.009092611260712147,
      0.01388861145824194,
      0.0069533903151750565,
      -0.001004324760288,
      -0.004151328932493925,
      -0.004967722110450268,
      -0.00042054313234984875,
      -0.002340550534427166,
      0.010977608151733875,
      -9.255230543203652e-05,
      0.00956297293305397,
      -0.007770111784338951,
      0.005580481141805649,
      -0.007170023396611214,
      0.0032958202064037323,
      -0.00512657081708312,
      0.013751217164099216,
      0.0001757117424858734,
      0.0010457603493705392,
      -0.004937923047691584,
      0.010316463187336922,
      -0.005150077864527702,
      -0.003564335172995925,
      -0.007075313478708267,
      -0.006231718230992556,
      0.00046589746489189565,
      -0.01220531202852726
    ]
  },
  {
    "cluster_name": "Менеджер по работе с клиентами (со знанием Персидского языка)",
    "cluster_emb": [
      0.12765653431415558,
      -0.1651795655488968,
      -0.1405729055404663,
      0.024643674492836,
      0.05364955589175224,
      -0.028922973200678825,
      0.08949730545282364,
      0.0058976649306714535,
      -0.14312744140625,
      0.046176351606845856,
      -0.0869859904050827,
      0.02597152069211006,
      0.07026009261608124,
      0.1128033697605133,
      0.03491545841097832,
      -0.0027956319972872734,
      0.00946457963436842,
      0.053653866052627563,
      0.002413500100374222,
      0.017383717000484467,
      0.04193447157740593,
      0.06752514094114304,
      0.03216579928994179,
      0.021382886916399002,
      0.0009176739840768278,
      0.012569502927362919,
      0.016921598464250565,
      -0.006580438930541277,
      -0.006567812524735928,
      0.030242830514907837,
      0.006748497951775789,
      -0.0017693107947707176,
      0.0011804281966760755,
      -0.0074712312780320644,
      -0.01204194687306881,
      -0.00030572243849746883,
      -0.0035082008689641953,
      0.024827778339385986,
      0.002099305624142289,
      0.009015504270792007,
      -0.0018291696906089783,
      0.006025836803019047,
      -0.0048455726355314255,
      0.0016226411098614335,
      0.002822744892910123,
      -0.006352294236421585,
      -0.0012182323262095451,
      0.014676110818982124,
      -0.010876458138227463,
      -0.012287814170122147,
      0.001706915907561779,
      -0.008702168241143227,
      -0.0032252168748527765
    ]
  },
  {
    "cluster_name": "Специалист по нормоконтролю",
    "cluster_emb": [
      0.041147906333208084,
      0.1998717188835144,
      -0.2808949947357178,
      0.054392535239458084,
      0.0366438627243042,
      0.0660056322813034,
      0.013548491522669792,
      -0.021851884201169014,
      -0.07105959951877594,
      -0.02647697925567627,
      0.01760087162256241,
      -0.009202152490615845,
      -0.03369196504354477,
      -0.023443197831511497,
      -0.011369161307811737,
      -0.007658109534531832,
      -0.041861504316329956,
      0.01798710972070694,
      -0.014706895686686039,
      -0.011521263979375362,
      0.013885329477488995,
      -0.0016684778966009617,
      -0.0012683783425018191,
      -0.007506605703383684,
      0.01169419102370739,
      -0.002637553261592984,
      -0.004761396441608667,
      0.01062301266938448,
      0.006973425392061472,
      0.012737465091049671,
      -0.007750242482870817,
      -0.022026536986231804,
      0.01541853416711092,
      -0.012281959876418114,
      0.01985982432961464,
      -0.010598888620734215,
      0.02577151544392109,
      0.012020817026495934,
      -0.010286403819918633,
      -0.0015399610856547952,
      -0.00027572279213927686,
      0.004941889550536871,
      0.015674663707613945,
      -0.012942183762788773,
      -0.0019632603507488966,
      0.0006633092416450381,
      0.0017863446846604347,
      -0.006303229369223118,
      0.0012146239168941975,
      0.00151635124348104,
      -0.010435101576149464,
      -0.006004601716995239,
      -0.004021293483674526
    ]
  },
  {
    "cluster_name": "Секретарь приемной руководителя (первого лица компании)",
    "cluster_emb": [
      0.062162432819604874,
      0.07815813273191452,
      -0.039611443877220154,
      -0.018566399812698364,
      0.019124731421470642,
      -0.05751459673047066,
      0.01657526195049286,
      0.038470588624477386,
      -0.011797099374234676,
      -0.05401900038123131,
      0.018321536481380463,
      0.08135472238063812,
      0.047263842076063156,
      -0.025582103058695793,
      -0.04590547829866409,
      0.013133124448359013,
      -0.03601768612861633,
      -0.09948716312646866,
      -0.05474803224205971,
      -0.0025847768411040306,
      -0.007646345067769289,
      -0.028964027762413025,
      -0.022204656153917313,
      -0.00728170620277524,
      -0.03818026930093765,
      0.04544590041041374,
      0.033340249210596085,
      -0.021805940195918083,
      -0.0011269808746874332,
      0.0027842007111757994,
      0.009926981292665005,
      0.007333757821470499,
      -0.0742446631193161,
      -0.0011965116718783975,
      0.007070499937981367,
      0.004982468672096729,
      -0.005402987822890282,
      0.03424159809947014,
      -0.01497430820018053,
      0.022227419540286064,
      0.025183070451021194,
      -0.006157916504889727,
      -0.007333376444876194,
      0.0026276675052940845,
      0.018726496025919914,
      -0.001373778097331524,
      -0.0011277536395937204,
      0.003938600420951843,
      -0.008494282141327858,
      0.011587067507207394,
      -0.006654117722064257,
      -0.0006980104953981936,
      0.0061576212756335735
    ]
  },
  {
    "cluster_name": "Дизайнер-иллюстратор",
    "cluster_emb": [
      0.0038649351336061954,
      -0.03416043519973755,
      0.09073404222726822,
      -0.04421135038137436,
      0.11272845417261124,
      -0.020852750167250633,
      -0.022420790046453476,
      0.004243097268044949,
      0.04970068484544754,
      -0.05852123349905014,
      -0.016052573919296265,
      0.014290879480540752,
      -0.1027887761592865,
      0.047427061945199966,
      -0.0548931248486042,
      0.04717754200100899,
      0.0004552501777652651,
      -0.05660208314657211,
      -0.050876423716545105,
      -0.0322597399353981,
      -0.07043807953596115,
      0.0790361538529396,
      0.05122489482164383,
      -0.07057807594537735,
      0.061696406453847885,
      0.048238612711429596,
      0.00973515398800373,
      0.10823553055524826,
      0.029437504708766937,
      0.022481201216578484,
      0.010825776495039463,
      0.02135050855576992,
      -0.011554116383194923,
      -0.04662429168820381,
      -0.02187248133122921,
      0.0026023522950708866,
      0.004643789958208799,
      0.005706870928406715,
      -0.025237292051315308,
      -0.02348221279680729,
      -0.022279666736721992,
      0.005749252159148455,
      0.014886206947267056,
      -0.016363423317670822,
      0.014772034250199795,
      -0.00026363853248767555,
      -0.0006249867146834731,
      0.006393059156835079,
      0.016442377120256424,
      -0.02061615325510502,
      0.0063773286528885365,
      -0.003362562507390976,
      -0.0013053674483671784
    ]
  },
  {
    "cluster_name": "Начинающий специалист в налоговую инспекцию",
    "cluster_emb": [
      0.07307620346546173,
      0.24497823417186737,
      -0.14115668833255768,
      0.0660463199019432,
      -0.14010822772979736,
      0.02212342992424965,
      -0.024666698649525642,
      -0.0713169202208519,
      -0.03460576757788658,
      0.025863418355584145,
      -0.009904169477522373,
      -0.006393657997250557,
      -0.019921835511922836,
      0.0005748424446210265,
      -0.06533303111791611,
      -0.006039259023964405,
      -0.018990496173501015,
      -0.009425426833331585,
      -0.009688450954854488,
      -0.01898287609219551,
      -0.009338379837572575,
      -0.0022232113406062126,
      -0.012299506925046444,
      -0.0072829038836061954,
      0.004642869811505079,
      -0.01722795143723488,
      -0.01003079954534769,
      -6.634800956817344e-05,
      -0.0030885522719472647,
      0.010166398249566555,
      -0.022039780393242836,
      -0.00901101529598236,
      -0.004394452087581158,
      -0.007843472063541412,
      -0.0015713557368144393,
      -0.007264690939337015,
      0.010383207350969315,
      -0.007223747670650482,
      -0.0023942189291119576,
      -0.01933588646352291,
      -0.00328238308429718,
      -0.0008392033050768077,
      0.0005248467205092311,
      -0.01730150729417801,
      0.010076959617435932,
      -0.0016724001616239548,
      -0.007054911460727453,
      0.004212445113807917,
      -0.004905005916953087,
      -0.009285377338528633,
      0.008211743086576462,
      0.004467354621738195,
      -0.0020232745446264744
    ]
  },
  {
    "cluster_name": "Менеджер по маркетплейсам",
    "cluster_emb": [
      0.10143774002790451,
      -0.16402104496955872,
      -0.12271387875080109,
      -0.023074980825185776,
      0.0009158914908766747,
      0.01268700696527958,
      -0.1159801036119461,
      -0.044460657984018326,
      0.021178672090172768,
      0.01948004588484764,
      0.07574071735143661,
      -0.08007477223873138,
      0.026412498205900192,
      -0.007269619032740593,
      -0.00601916341111064,
      -0.05791453644633293,
      0.0008754612063057721,
      -0.043370697647333145,
      0.012304965406656265,
      -0.026863496750593185,
      -0.006385572254657745,
      0.010560818016529083,
      0.011104208417236805,
      -0.007320849224925041,
      -0.025042876601219177,
      -0.01790701225399971,
      -0.0023262249305844307,
      -0.003791949711740017,
      -0.006922483444213867,
      -0.015639567747712135,
      0.004793236497789621,
      0.023786691948771477,
      -0.0016618582885712385,
      0.008061806671321392,
      0.008406504988670349,
      -0.0038778327871114016,
      -0.013818780891597271,
      -0.004382172599434853,
      0.009431307204067707,
      -0.00683800783008337,
      0.0006499200244434178,
      0.006032954901456833,
      0.006668612826615572,
      4.5957327529322356e-05,
      0.0039376066997647285,
      -0.000437919661635533,
      0.0067084371112287045,
      -0.001780291204340756,
      0.006423518061637878,
      0.010817314498126507,
      0.0050872862339019775,
      0.0025462782941758633,
      0.0005458287778310478
    ]
  },
  {
    "cluster_name": "Менеджер копировального центра",
    "cluster_emb": [
      0.02373138628900051,
      0.0870174765586853,
      -0.004871023818850517,
      -0.025260908529162407,
      0.048274680972099304,
      -0.10410641133785248,
      -0.05096881836652756,
      0.010899909771978855,
      -0.038864366710186005,
      0.04361136630177498,
      -0.03415526822209358,
      0.0640871673822403,
      0.03252054378390312,
      -0.2072390913963318,
      0.13255730271339417,
      0.025440778583288193,
      0.016697144135832787,
      0.0631721094250679,
      0.053375355899333954,
      -0.0992603674530983,
      0.05923175439238548,
      -0.03281775116920471,
      -0.0019715912640094757,
      0.06052975729107857,
      0.05585767701268196,
      0.04613889753818512,
      0.033651646226644516,
      0.04802069067955017,
      0.012415511533617973,
      -0.07364325225353241,
      0.021295661106705666,
      0.08711719512939453,
      -0.015979787334799767,
      -0.012578883208334446,
      -0.09313461184501648,
      -0.03061867691576481,
      -0.0342295803129673,
      -0.028836527839303017,
      0.02527933195233345,
      0.00852844025939703,
      -0.021506434306502342,
      -0.02221519500017166,
      0.018531061708927155,
      0.00853579118847847,
      0.046013243496418,
      -0.000460201088571921,
      0.008010941557586193,
      0.025028636679053307,
      -0.014513252303004265,
      -0.029623771086335182,
      -0.023398617282509804,
      -0.015443524345755577,
      -0.0026386776007711887
    ]
  },
  {
    "cluster_name": "Менеджер маркетплейсов (маркетолог-аналитик)",
    "cluster_emb": [
      0.01420112419873476,
      -0.0877254456281662,
      0.08848767727613449,
      -0.06928396224975586,
      0.008844207972288132,
      0.08067484200000763,
      0.019804971292614937,
      -0.003731321543455124,
      -0.011175587773323059,
      0.01208195835351944,
      0.11901480704545975,
      -0.11466531455516815,
      0.05999878793954849,
      0.0011575750540941954,
      0.044862233102321625,
      0.030006971210241318,
      -0.050818588584661484,
      -0.019883353263139725,
      0.006240844260901213,
      -0.03963959589600563,
      -0.04421902447938919,
      0.020052101463079453,
      -0.0209591593593359,
      -0.007381849456578493,
      -0.007801945321261883,
      0.00529781449586153,
      0.02001470886170864,
      0.01288837380707264,
      -0.022815654054284096,
      0.0164051316678524,
      0.0013654733775183558,
      -0.006308383774012327,
      -0.02193659171462059,
      -0.0036027757450938225,
      0.0072978101670742035,
      0.00611431710422039,
      -0.02069096639752388,
      0.01190393790602684,
      0.010674770921468735,
      -0.0007939048227854073,
      0.0006759095704182982,
      0.007489369250833988,
      0.001071561244316399,
      0.0021725983824580908,
      -0.005957832559943199,
      0.0066164699383080006,
      0.006106125190854073,
      -0.0028545719105750322,
      -0.0037580642383545637,
      0.003159314626827836,
      -0.007363265845924616,
      -0.0034518258180469275,
      -0.008116789162158966
    ]
  },
  {
    "cluster_name": "Администратор компьютерного клуба 1shot",
    "cluster_emb": [
      0.027431251481175423,
      -0.004918267950415611,
      -0.008671575225889683,
      -0.1090736985206604,
      0.09619501978158951,
      0.0033204490318894386,
      -0.09281858056783676,
      0.07508782297372818,
      0.0010727661428973079,
      -0.03935005143284798,
      -0.08173903077840805,
      0.06613659113645554,
      0.11095467954874039,
      0.05444219708442688,
      0.006186753511428833,
      0.018142832443118095,
      -0.00043033165275119245,
      0.019750425592064857,
      0.03180680423974991,
      -0.009764434769749641,
      -0.04945700243115425,
      0.014537728391587734,
      0.010494918562471867,
      -0.0037646566051989794,
      -0.01665516383945942,
      -0.03335075452923775,
      -0.006440701428800821,
      0.005422084126621485,
      -0.005633724387735128,
      0.004445257131010294,
      0.009967452846467495,
      -0.009498674422502518,
      -0.011525300331413746,
      -0.0008149465429596603,
      0.015366628766059875,
      -0.006631289143115282,
      -8.959708793554455e-05,
      -0.005326134618371725,
      -0.012400617823004723,
      0.0039017293602228165,
      -0.0019142740638926625,
      0.00044402535422705114,
      0.009737207554280758,
      -0.0018182353815063834,
      -0.011210879310965538,
      -0.003624203847721219,
      -0.009906627237796783,
      -0.00968147162348032,
      0.010677259415388107,
      0.0053487797267735004,
      0.0017022420652210712,
      0.004385518375784159,
      -0.001968727447092533
    ]
  },
  {
    "cluster_name": "Продавец (Москва, Соловьиный, 4А)",
    "cluster_emb": [
      -0.006802314426749945,
      0.021633056923747063,
      0.1406397968530655,
      -0.01761690527200699,
      -0.06817775219678879,
      0.0813513696193695,
      -0.01924474723637104,
      0.16517360508441925,
      0.018610181286931038,
      -0.10069973021745682,
      0.010537873953580856,
      -0.10824891179800034,
      -0.031040944159030914,
      -0.08370717614889145,
      0.056744419038295746,
      0.06399670243263245,
      0.04746643826365471,
      0.019464435055851936,
      -0.048647698014974594,
      -0.1040370911359787,
      0.024335026741027832,
      0.040409646928310394,
      0.032198693603277206,
      -0.013746129348874092,
      -0.03432980179786682,
      -0.057426609098911285,
      0.00745955016463995,
      -0.011084475554525852,
      -0.006645395420491695,
      0.028768040239810944,
      -0.0511382520198822,
      0.004682593513280153,
      0.049899693578481674,
      0.01627158373594284,
      0.01708485372364521,
      -0.015411654487252235,
      0.011329222470521927,
      0.02673974633216858,
      -0.002481999574229121,
      0.021449798718094826,
      0.0024997051805257797,
      -0.028877371922135353,
      -0.024860264733433723,
      0.0042166817001998425,
      -0.004747882019728422,
      0.019954735413193703,
      -0.018757464364171028,
      0.01312932837754488,
      0.010333137586712837,
      -0.0035003761295229197,
      0.00017642363673076034,
      0.019379111006855965,
      0.005215385928750038
    ]
  },
  {
    "cluster_name": "Trading Operations manager / Менеджер по операционной работе",
    "cluster_emb": [
      -0.35553067922592163,
      -0.1341344714164734,
      -0.10749389231204987,
      0.018487561494112015,
      0.00021106821077410132,
      -0.07700935006141663,
      -0.025615660473704338,
      0.001714663696475327,
      0.04373115301132202,
      0.01561973337084055,
      0.0006658605998381972,
      -0.0384693369269371,
      0.03760680928826332,
      -0.013309674337506294,
      0.03602224215865135,
      0.0005014801863580942,
      -0.05096451938152313,
      0.07669465988874435,
      -0.053654540330171585,
      0.025839537382125854,
      -0.02939487248659134,
      -0.01482877042144537,
      0.07627490907907486,
      0.018386734649538994,
      0.044706135988235474,
      0.09997040778398514,
      -0.03339405730366707,
      -0.08751777559518814,
      0.07000459730625153,
      0.06731034815311432,
      -0.08268320560455322,
      0.03927827998995781,
      -0.047529976814985275,
      0.06533002853393555,
      -0.006483305245637894,
      0.037871599197387695,
      0.008808637969195843,
      -0.058829087764024734,
      0.013022232800722122,
      -0.011755174957215786,
      0.04456162080168724,
      0.03381861746311188,
      0.007867923937737942,
      -0.020071210339665413,
      0.030653197318315506,
      -0.004672706127166748,
      -0.011368612758815289,
      -0.013482380658388138,
      0.04511982202529907,
      0.002095051109790802,
      0.02152540720999241,
      0.007746055722236633,
      0.010689676739275455
    ]
  },
  {
    "cluster_name": "Talent Acquisition Manager",
    "cluster_emb": [
      -0.7350623607635498,
      -0.12218746542930603,
      -0.12586380541324615,
      0.04555150493979454,
      -0.14333918690681458,
      0.007228788919746876,
      0.014048568904399872,
      -0.03182118758559227,
      0.0716034397482872,
      -0.048303477466106415,
      -0.021433090791106224,
      0.03724325820803642,
      0.02488325536251068,
      0.05096321925520897,
      0.04866761714220047,
      -0.03774765506386757,
      0.013557127676904202,
      0.05289717763662338,
      0.02516312338411808,
      0.020930549129843712,
      0.021681535989046097,
      -0.041392356157302856,
      0.016944924369454384,
      -0.013011761009693146,
      -0.029909823089838028,
      0.06525380909442902,
      0.05560893937945366,
      0.04884670674800873,
      0.009593850001692772,
      -0.02391689643263817,
      -0.008355123922228813,
      0.003673542756587267,
      -0.042120836675167084,
      0.018230533227324486,
      0.0425785630941391,
      0.038284782320261,
      0.03574075177311897,
      -0.017186516895890236,
      -0.06800051778554916,
      -0.0005611085216514766,
      -0.031028399243950844,
      0.0139579763635993,
      -0.022279510274529457,
      -0.030984027311205864,
      -0.0035074290353804827,
      0.02998933754861355,
      -0.0014766069361940026,
      -0.0009459953871555626,
      -0.02122204564511776,
      0.01946832798421383,
      -0.017141710966825485,
      0.04381174594163895,
      -0.040918756276369095
    ]
  },
  {
    "cluster_name": "Менеджер по продажам (Новостройки)",
    "cluster_emb": [
      0.1468900889158249,
      -0.3622192144393921,
      -0.11213106662034988,
      -0.031674616038799286,
      -0.10937093943357468,
      -0.024343207478523254,
      -0.016511891037225723,
      -0.0007776462007313967,
      0.00632132962346077,
      -0.02847418002784252,
      0.0076295481994748116,
      -0.06635694950819016,
      -0.03995626047253609,
      -0.02130553126335144,
      -0.043522704392671585,
      -0.02201719954609871,
      0.008547919802367687,
      0.005466459784656763,
      0.0009631026186980307,
      -0.013551060110330582,
      0.009906637482345104,
      -0.02565751224756241,
      -0.010865348391234875,
      0.032496724277734756,
      0.002136707305908203,
      -0.0033413495402783155,
      0.0006700573721900582,
      0.012052119709551334,
      -0.02323790080845356,
      -0.020362598821520805,
      0.012249110266566277,
      0.0031601639930158854,
      0.0008262961637228727,
      -0.023921210318803787,
      0.0034209201112389565,
      0.00808030553162098,
      0.011440208181738853,
      -0.011596476659178734,
      0.00679798424243927,
      0.008508240804076195,
      0.0011827194830402732,
      -0.004218393471091986,
      -0.012699205428361893,
      -0.0010492344154044986,
      0.004883056040853262,
      -0.009310717694461346,
      0.0024324210826307535,
      -0.006679097656160593,
      0.0029261717572808266,
      -0.008563138544559479,
      -0.002319491468369961,
      0.00930270180106163,
      0.003419120330363512
    ]
  },
  {
    "cluster_name": "Junior PHP разработчик",
    "cluster_emb": [
      -0.19257426261901855,
      -0.06131337210536003,
      0.07456699758768082,
      0.0995999351143837,
      0.1984473615884781,
      0.1299266666173935,
      0.08204642683267593,
      -0.07497190684080124,
      -0.14037667214870453,
      0.002067546360194683,
      -0.009717036969959736,
      0.025005724281072617,
      -0.034778956323862076,
      0.004813989158719778,
      -0.08275685459375381,
      0.08578237146139145,
      0.0670200064778328,
      -0.07082804292440414,
      0.005721577908843756,
      -0.049117542803287506,
      -0.009403239004313946,
      0.06833023577928543,
      -0.026814082637429237,
      0.09161179512739182,
      0.01924685202538967,
      -0.029968461021780968,
      0.009304700419306755,
      -0.02429129183292389,
      -0.037250738590955734,
      -0.01363692618906498,
      -0.0034430010709911585,
      -0.009072708897292614,
      0.017597297206521034,
      0.028360778465867043,
      -0.01399630680680275,
      -0.015103807672858238,
      -0.04437829926609993,
      -0.020090656355023384,
      0.01968691684305668,
      -0.00021006532188039273,
      0.016189130023121834,
      -0.002989755244925618,
      -0.01017212588340044,
      -0.012211824767291546,
      0.021545100957155228,
      -0.01545015349984169,
      -0.011255582794547081,
      -0.015220195055007935,
      -0.0018463534070178866,
      0.005989306140691042,
      0.008245380595326424,
      -0.013092957437038422,
      0.01724225841462612
    ]
  },
  {
    "cluster_name": "Руководитель направления бюджетного контроля",
    "cluster_emb": [
      0.08617710322141647,
      0.06503431499004364,
      -0.017076915130019188,
      0.13164353370666504,
      -0.018301595002412796,
      -0.0771348774433136,
      0.04967251047492027,
      0.17645956575870514,
      0.06781144440174103,
      0.07826131582260132,
      0.14451734721660614,
      0.08532452583312988,
      -0.08082978427410126,
      0.1043141707777977,
      0.028631633147597313,
      0.02775675617158413,
      0.01649608090519905,
      -0.021137135103344917,
      0.09019054472446442,
      -0.009558591060340405,
      -0.012410636991262436,
      -0.02842051349580288,
      0.06155919283628464,
      0.021625420078635216,
      0.020089222118258476,
      -0.023793399333953857,
      -0.0008753271540626884,
      -0.010351995006203651,
      -0.006534059531986713,
      -0.01685217022895813,
      -0.005848290398716927,
      0.009946747682988644,
      0.0026487591676414013,
      0.0032297889702022076,
      0.010554122738540173,
      0.040349993854761124,
      -0.0053763724863529205,
      -0.010773356072604656,
      0.0056414976716041565,
      0.005406894721090794,
      -0.0007632931228727102,
      0.0049490430392324924,
      -0.00781074957922101,
      0.0069473059847950935,
      -0.010143290273845196,
      -0.003032208885997534,
      -0.002345755696296692,
      -0.004745761398226023,
      -0.003939557820558548,
      0.002504433272406459,
      -0.008017457090318203,
      0.0024481562431901693,
      -0.00290226424112916
    ]
  },
  {
    "cluster_name": "Ведущий инженер-проектировщик железнодорожных путей",
    "cluster_emb": [
      0.13241130113601685,
      -0.02505621500313282,
      0.09485859423875809,
      0.1479778289794922,
      -0.15457141399383545,
      0.03246914595365524,
      -0.08862162381410599,
      -0.13438129425048828,
      0.04637426510453224,
      -0.044178713113069534,
      -0.06492538750171661,
      0.02498815767467022,
      -0.02146991528570652,
      0.04525161534547806,
      0.06364887952804565,
      9.657404007157311e-05,
      0.04244722053408623,
      0.0009722090326249599,
      -0.021191073581576347,
      0.023497650399804115,
      -0.043348509818315506,
      -0.026511000469326973,
      0.019986484199762344,
      -0.02161480486392975,
      0.019696509465575218,
      0.01388481818139553,
      0.004115668125450611,
      -0.024566324427723885,
      -0.0011433756444603205,
      0.009188653901219368,
      0.013622024096548557,
      -0.013675595633685589,
      -0.0003653469611890614,
      -0.0025735911913216114,
      -0.0169356819242239,
      -0.018644915893673897,
      -0.0028187334537506104,
      0.01477695070207119,
      0.005366273690015078,
      0.01775001548230648,
      0.006494665052741766,
      0.00019593039178289473,
      -0.01112290471792221,
      -0.006025743670761585,
      0.004989303182810545,
      -0.00631225761026144,
      0.0035430463030934334,
      0.0010968386195600033,
      -0.016497816890478134,
      0.005558301229029894,
      -0.007238431833684444,
      -0.012974517419934273,
      -0.007282476406544447
    ]
  },
  {
    "cluster_name": "Сборщик, комплектовщик, упаковщик",
    "cluster_emb": [
      0.030498186126351357,
      0.0252540186047554,
      0.23180072009563446,
      0.22501032054424286,
      -0.05974385514855385,
      0.06577315926551819,
      -0.08797477185726166,
      -0.064439557492733,
      -0.10523524135351181,
      -0.07817283272743225,
      0.03361992537975311,
      0.04168979451060295,
      0.058751191943883896,
      0.02406727336347103,
      0.04130585119128227,
      0.00010271786595694721,
      -0.032223016023635864,
      0.025249391794204712,
      -0.02577669359743595,
      0.026499060913920403,
      0.017061159014701843,
      -0.016818160191178322,
      -0.001984316622838378,
      -0.011575212702155113,
      0.023548083379864693,
      -0.015859330072999,
      -0.00274376361630857,
      0.00416422076523304,
      0.005238304380327463,
      -0.009736325591802597,
      0.0013955736067146063,
      0.007966285571455956,
      -0.007083048578351736,
      -0.01270566787570715,
      0.0008546960889361799,
      0.0045546009205281734,
      0.010288638062775135,
      0.006787587888538837,
      -0.007944675162434578,
      -0.006747949868440628,
      0.006061422638595104,
      0.0005036392831243575,
      0.02250022627413273,
      0.01056455634534359,
      -0.017100507393479347,
      0.004138189367949963,
      0.004500831011682749,
      0.005110596772283316,
      0.01561642438173294,
      0.0024558508303016424,
      0.009398695081472397,
      0.008472696878015995,
      0.010801621712744236
    ]
  },
  {
    "cluster_name": "Продавец-консультант в магазин iStudio (ТЦ Дискавери)",
    "cluster_emb": [
      0.05095817148685455,
      0.1092785969376564,
      -0.04851268604397774,
      -0.09896202385425568,
      -0.1311325579881668,
      -0.00397357577458024,
      0.0631922259926796,
      0.21878963708877563,
      -0.06558563560247421,
      -0.18488697707653046,
      -0.11757829040288925,
      -0.018810125067830086,
      -0.0037319252733141184,
      -0.01603339985013008,
      -0.0015471779042854905,
      0.05394270643591881,
      0.014688504859805107,
      -0.004748640116304159,
      -0.05951107293367386,
      -0.06215400993824005,
      -0.022120801731944084,
      -0.012877759523689747,
      -0.014244642108678818,
      -0.026202328503131866,
      -0.014778966084122658,
      -0.0023531971964985132,
      0.012507407926023006,
      -0.06474310159683228,
      -0.01093567069619894,
      -0.021483097225427628,
      -0.002961041871458292,
      0.03051912412047386,
      0.04057181999087334,
      0.02830430306494236,
      0.024371931329369545,
      -0.009873823262751102,
      -0.0017684497870504856,
      -0.008885394781827927,
      -0.03248465433716774,
      -0.026382742449641228,
      0.017912141978740692,
      -0.021263379603624344,
      0.014947935938835144,
      -0.006798677146434784,
      -0.017083249986171722,
      0.006789485923945904,
      0.019881078973412514,
      -0.006230332888662815,
      -0.0003575350565370172,
      0.007608852349221706,
      0.020548423752188683,
      -0.020539984107017517,
      0.0167133379727602
    ]
  },
  {
    "cluster_name": "Бизнес-аналитик (Интегратор Битрикс24)",
    "cluster_emb": [
      -0.01784481108188629,
      0.07351520657539368,
      0.1632826179265976,
      -0.09502898901700974,
      0.11223312467336655,
      0.04701922833919525,
      0.18381670117378235,
      -0.03387345001101494,
      -0.03270022198557854,
      -0.009261136874556541,
      0.09653850644826889,
      0.09712650626897812,
      -0.0531386137008667,
      -0.006821400485932827,
      -0.0019279398256912827,
      -0.1638418287038803,
      0.06622758507728577,
      0.0718095451593399,
      -0.03534941002726555,
      0.03327858820557594,
      -0.0992526039481163,
      -0.04210276901721954,
      -0.03731751814484596,
      0.025370191782712936,
      -0.01347026415169239,
      0.028110027313232422,
      0.03134407475590706,
      0.002242353279143572,
      0.013809802010655403,
      0.03423837944865227,
      0.02030039206147194,
      -0.0019960820209234953,
      0.039697084575891495,
      -0.010444285348057747,
      0.023564891889691353,
      -0.00036537638516165316,
      0.008782471530139446,
      -0.015039106830954552,
      -0.002550688572227955,
      -0.009698036126792431,
      -0.00018586177611723542,
      -0.004455081187188625,
      0.033155620098114014,
      0.0023367314133793116,
      0.025361832231283188,
      0.0160589087754488,
      0.004095900803804398,
      0.0011397249763831496,
      -0.021779431030154228,
      0.0059202066622674465,
      -0.0005371933802962303,
      -0.007069881539791822,
      -0.0016666478477418423
    ]
  },
  {
    "cluster_name": "Главный Энергетик (судостроение)",
    "cluster_emb": [
      0.027640344575047493,
      0.08956941962242126,
      0.04269262030720711,
      -0.05792567878961563,
      0.017932118847966194,
      0.15445798635482788,
      -0.029683824628591537,
      0.0732603520154953,
      0.09941812604665756,
      0.015906160697340965,
      0.003058446804061532,
      -0.06445901095867157,
      -0.080486960709095,
      0.09054959565401077,
      -0.004889037925750017,
      -0.00603019492700696,
      -0.06136436387896538,
      0.07778720557689667,
      -0.050212278962135315,
      0.055181365460157394,
      0.05982278659939766,
      0.04427213594317436,
      -0.0440114326775074,
      0.04371360316872597,
      -0.03571107238531113,
      -0.0002820411464199424,
      -0.022621044889092445,
      0.003918989095836878,
      0.05270426347851753,
      -0.064333975315094,
      0.04343859851360321,
      0.016017690300941467,
      -0.051645610481500626,
      0.009046169929206371,
      -0.029900602996349335,
      -0.02728682942688465,
      0.012619697488844395,
      -0.008939712308347225,
      0.006612486205995083,
      -0.0013306286418810487,
      0.009311671368777752,
      -0.009729423560202122,
      -0.022070901468396187,
      -0.009946274571120739,
      0.004432749003171921,
      -0.02489618957042694,
      -0.00805479846894741,
      0.021364476531744003,
      -0.0027379465755075216,
      0.009823738597333431,
      -0.00411373982205987,
      -0.001912624342367053,
      0.0013527502305805683
    ]
  },
  {
    "cluster_name": "Full-stack Developer",
    "cluster_emb": [
      -0.7166340351104736,
      -0.09925171732902527,
      -0.12185470759868622,
      0.09170994162559509,
      -0.18371932208538055,
      0.0037779989652335644,
      0.09934283792972565,
      -0.041005175560712814,
      0.04565661773085594,
      -0.02777698263525963,
      -0.027592884376645088,
      0.07313551753759384,
      0.006143559701740742,
      0.04018278792500496,
      -0.026482798159122467,
      -0.026039982214570045,
      0.07616816461086273,
      -0.0924217477440834,
      0.08214738965034485,
      -0.005372894927859306,
      0.005343104712665081,
      0.0257764533162117,
      -0.073306605219841,
      -0.029418811202049255,
      -0.06556178629398346,
      -0.09445217996835709,
      0.01961176097393036,
      0.09594598412513733,
      -0.05006945878267288,
      -0.054954055696725845,
      0.10590187460184097,
      0.01853203773498535,
      0.06323055922985077,
      0.00044934990000911057,
      -0.029981696978211403,
      -0.070804163813591,
      0.017948107793927193,
      0.09250394999980927,
      0.03264710307121277,
      0.03538217023015022,
      -0.0116753950715065,
      -0.04957566782832146,
      0.01820979453623295,
      0.016556253656744957,
      -0.014131269417703152,
      -0.036880455911159515,
      0.010197289288043976,
      -0.004835897590965033,
      0.0202927365899086,
      -0.02547919750213623,
      -0.027705764397978783,
      -0.0018459383863955736,
      0.006412905175238848
    ]
  },
  {
    "cluster_name": "Antifraud аналитик (регулярные задачи)",
    "cluster_emb": [
      0.029088346287608147,
      0.10832947492599487,
      0.09920010715723038,
      -0.05201265960931778,
      0.011894364841282368,
      0.014586668461561203,
      0.12658651173114777,
      -0.09145765006542206,
      0.06565853953361511,
      -0.011855054646730423,
      -0.021044816821813583,
      -0.017247965559363365,
      0.045851513743400574,
      0.045035552233457565,
      -0.0043214187026023865,
      -0.004839097615331411,
      -0.004422859754413366,
      -0.04905060678720474,
      0.002204303862527013,
      -0.02929878607392311,
      0.060716692358255386,
      -0.02467517927289009,
      0.012568333186209202,
      0.01740923337638378,
      -0.021002916619181633,
      -0.0008819939685054123,
      0.021649442613124847,
      0.006414369679987431,
      -0.005753115750849247,
      0.017033683136105537,
      -0.008088949136435986,
      0.02395196445286274,
      0.005680568981915712,
      0.0010734982788562775,
      0.007183406502008438,
      0.023983048275113106,
      0.009619643911719322,
      -0.011685701087117195,
      0.013962572440505028,
      0.004105954430997372,
      -0.013059360906481743,
      0.008730265311896801,
      -5.386422685660364e-07,
      -0.005236347671598196,
      0.0050645372830331326,
      0.00510811060667038,
      0.0016405832720920444,
      -0.009333939291536808,
      -0.0026335334405303,
      -0.0052445270121097565,
      0.00937906838953495,
      -0.007069359999150038,
      0.008336369879543781
    ]
  },
  {
    "cluster_name": "Менеджер по продажам в OnlyPhones.ru (Магазин электроники)",
    "cluster_emb": [
      0.09577108919620514,
      -0.28238633275032043,
      -0.020868325605988503,
      0.004321042448282242,
      -0.006921152118593454,
      0.023390067741274834,
      0.07148176431655884,
      0.013086477294564247,
      -0.033445898443460464,
      0.021674226969480515,
      0.021148057654500008,
      0.00275649456307292,
      -0.03955778107047081,
      -0.03746892511844635,
      -0.07491635531187057,
      -0.08336404711008072,
      0.049643781036138535,
      0.047743551433086395,
      -0.02525685727596283,
      0.0038959216326475143,
      -0.01619512215256691,
      -0.03109138086438179,
      -0.028179792687296867,
      -0.016192466020584106,
      -0.0005698447348549962,
      -0.02263178676366806,
      0.003988099284470081,
      -0.012324705719947815,
      0.012005613185465336,
      0.004195115529000759,
      -0.019190294668078423,
      0.010256310924887657,
      -0.01801994815468788,
      -0.02282189391553402,
      0.0064424797892570496,
      -0.0021220387425273657,
      0.02081543765962124,
      -0.005299780517816544,
      0.009209449402987957,
      0.0022265571169555187,
      -0.02078424207866192,
      0.0022449130192399025,
      0.0017321961931884289,
      0.014867817983031273,
      0.01361890695989132,
      0.025977978482842445,
      -0.031242290511727333,
      0.019909527152776718,
      0.0033619338646531105,
      -0.002274317666888237,
      0.0008857207139953971,
      -0.005058121867477894,
      0.007817850448191166
    ]
  },
  {
    "cluster_name": "Водитель категории Е на тягачи FAV, MAN, Mersedes",
    "cluster_emb": [
      0.06571494042873383,
      0.0163277480751276,
      0.034220341593027115,
      -0.05721035599708557,
      -0.06956827640533447,
      0.062037643045186996,
      -0.03931967541575432,
      -0.0008996708202175796,
      0.10238877683877945,
      0.07252118736505508,
      -0.09311824291944504,
      0.004400637000799179,
      0.06823430210351944,
      0.0038453075103461742,
      -0.05169758200645447,
      0.020843707025051117,
      0.0025702377315610647,
      -0.015947964042425156,
      0.05991673469543457,
      -0.011307873763144016,
      -0.007787944748997688,
      0.018055086955428123,
      0.007847778499126434,
      0.024601133540272713,
      -0.011980547569692135,
      -9.994331776397303e-05,
      -0.0023105174768716097,
      -0.0004547538119368255,
      -0.004536531865596771,
      0.04118496924638748,
      -0.01018652506172657,
      -0.016129137948155403,
      -0.008342402055859566,
      0.0068005346693098545,
      0.0004626012814696878,
      -0.004306570161134005,
      0.003490407718345523,
      0.008523809723556042,
      -0.011960371397435665,
      -0.006496782414615154,
      -0.005324259400367737,
      -0.0009024685132317245,
      0.015536881051957607,
      0.01044829934835434,
      0.010475598275661469,
      0.008547531440854073,
      0.002376279328018427,
      0.009837408550083637,
      -0.004462049342691898,
      -0.0064821504056453705,
      -0.01437488105148077,
      0.004467448219656944,
      0.017122764140367508
    ]
  },
  {
    "cluster_name": "Менеджер по маркетплейсам (Wildberries / WB)",
    "cluster_emb": [
      -0.06862392276525497,
      -0.10524200648069382,
      0.022175945341587067,
      -0.08158885687589645,
      0.0033148096408694983,
      0.04659653455018997,
      -0.05988933891057968,
      -0.0039992546662688255,
      0.001888970728032291,
      0.0808362364768982,
      0.07224473357200623,
      0.011721991002559662,
      0.022755349054932594,
      0.021472498774528503,
      -0.02741117775440216,
      -0.011871024034917355,
      -0.04265768826007843,
      0.0015758058289065957,
      -0.06166507676243782,
      -0.017954746261239052,
      0.0545475073158741,
      -0.08838920295238495,
      -0.008164376020431519,
      0.03333576023578644,
      -0.02284986898303032,
      0.02620193362236023,
      -0.035175662487745285,
      -0.05657412111759186,
      0.03431908041238785,
      0.0245001669973135,
      -0.04610024392604828,
      -0.051877815276384354,
      0.06333889812231064,
      0.00819451455026865,
      -0.04650113359093666,
      0.02349795773625374,
      -0.09372766315937042,
      0.05964364856481552,
      -0.09465868026018143,
      0.005379076581448317,
      -0.03959638252854347,
      -0.03577139228582382,
      0.015576203353703022,
      -0.014731843955814838,
      -0.0470903106033802,
      -0.007750332355499268,
      0.0445045605301857,
      0.012437094934284687,
      0.034636374562978745,
      -0.033406224101781845,
      0.08189304918050766,
      -0.009337733499705791,
      -0.0120245311409235
    ]
  },
  {
    "cluster_name": "Сетевой инженер / Network Engineer (low-latency, RF)",
    "cluster_emb": [
      -0.32387182116508484,
      -0.012072830460965633,
      -0.023662295192480087,
      -0.029089070856571198,
      0.01506632100790739,
      -0.0713103786110878,
      0.01757287234067917,
      -0.023318102583289146,
      0.022037137299776077,
      0.011123410426080227,
      -0.008419140242040157,
      0.019604455679655075,
      -0.01858462393283844,
      0.003669079625979066,
      0.0011363246012479067,
      0.0012050028890371323,
      -0.039232078939676285,
      -0.029622655361890793,
      -0.01648505963385105,
      -0.02192428894340992,
      -0.00787546020001173,
      0.023700661957263947,
      -0.008040551096200943,
      -0.027676407247781754,
      0.03524424508213997,
      -0.06108123064041138,
      -0.04336310178041458,
      -0.03943898528814316,
      0.029434461146593094,
      0.025173356756567955,
      -0.04891762509942055,
      -0.012747795321047306,
      -0.0046011824160814285,
      -0.038238275796175,
      -0.016340257599949837,
      -0.04264859855175018,
      -0.0031079049222171307,
      0.005524950567632914,
      0.06296392530202866,
      -0.004080658778548241,
      0.020346617326140404,
      0.009286601096391678,
      0.0016666630981490016,
      0.04536793380975723,
      -0.0023138767573982477,
      -0.03349042311310768,
      0.030406270176172256,
      0.014362224377691746,
      -0.017633488401770592,
      0.01929357834160328,
      0.007688353303819895,
      -0.017251906916499138,
      0.012862326577305794
    ]
  },
  {
    "cluster_name": "Юрист в единственном числе (генпроектирование)",
    "cluster_emb": [
      0.008375019766390324,
      0.043341923505067825,
      0.07775495201349258,
      0.04460696876049042,
      -0.0048114159144461155,
      -0.09432784467935562,
      -0.03460949286818504,
      -0.0374157652258873,
      0.045600876212120056,
      0.21490147709846497,
      -0.11082526296377182,
      0.009220040403306484,
      -0.03574947640299797,
      -0.1598418951034546,
      -0.04415217787027359,
      0.0610753633081913,
      0.05955814942717552,
      0.14252956211566925,
      -0.040164124220609665,
      -0.0960891991853714,
      0.07118313759565353,
      0.04868369176983833,
      -0.036270856857299805,
      -0.025949444621801376,
      -0.0353502593934536,
      0.09626518189907074,
      0.0009320543613284826,
      0.09415332227945328,
      0.013698435388505459,
      0.0028618061915040016,
      0.059742916375398636,
      -0.036927513778209686,
      0.006078104022890329,
      -0.014866333454847336,
      0.1122552827000618,
      0.0680847018957138,
      -0.05790751799941063,
      0.04121236503124237,
      0.012684089131653309,
      -0.013599161058664322,
      0.08367791026830673,
      0.05486232414841652,
      -0.019727325066924095,
      0.01541610062122345,
      -0.06293448805809021,
      -0.008925415575504303,
      -0.04384145885705948,
      -0.06160566955804825,
      -0.001016654190607369,
      0.07595404982566833,
      0.02676272764801979,
      -0.013494091108441353,
      0.011814933270215988
    ]
  },
  {
    "cluster_name": "Инженер (Москва)",
    "cluster_emb": [
      0.06308498233556747,
      -0.1331501007080078,
      0.10352642089128494,
      -0.1350405514240265,
      -0.002608019392937422,
      -0.08792058378458023,
      -0.057109933346509933,
      -0.05540364608168602,
      -0.06211189925670624,
      -0.019991165027022362,
      -0.027230512350797653,
      0.07942597568035126,
      -0.11362814903259277,
      0.038891248404979706,
      -0.007088448386639357,
      -0.03819866105914116,
      -0.05154382809996605,
      -0.014393943361938,
      0.05208900198340416,
      -0.037047289311885834,
      0.030637722462415695,
      0.003843871643766761,
      -0.027086317539215088,
      -0.0020200610160827637,
      -0.026540586724877357,
      -0.0021375820506364107,
      -0.009598268195986748,
      -0.008401990868151188,
      0.007186576724052429,
      0.023246053606271744,
      -0.015501240268349648,
      0.010107466019690037,
      0.006884419824928045,
      0.017131172120571136,
      0.013026461005210876,
      -0.018684467300772667,
      0.021118132397532463,
      -0.005090381018817425,
      -0.015375331975519657,
      -0.0017483994597569108,
      0.00185099127702415,
      0.0007713006343692541,
      -0.010438689962029457,
      -0.005921633448451757,
      -0.01328545156866312,
      -0.0026313685812056065,
      0.0013642016565427184,
      -0.007254397496581078,
      -0.003107641590759158,
      0.00046016101259738207,
      0.0011468393495306373,
      4.3132826249348e-05,
      -0.004388229455798864
    ]
  },
  {
    "cluster_name": "Оператор 1С на переделки",
    "cluster_emb": [
      0.012522244825959206,
      0.10063967853784561,
      -0.12171528488397598,
      -0.017392195761203766,
      0.11434174329042435,
      -0.008744225837290287,
      -0.2269161343574524,
      -0.009162425063550472,
      0.022724198177456856,
      -0.040421001613140106,
      0.06660225242376328,
      0.012105933390557766,
      0.0022534949239343405,
      0.010013733059167862,
      -0.03105693869292736,
      0.003957897890359163,
      0.05080781131982803,
      -0.033147744834423065,
      0.00774028804153204,
      0.01906137727200985,
      0.014950044453144073,
      0.007485624868422747,
      -0.06485798954963684,
      -0.02289111167192459,
      -0.024445388466119766,
      0.0008649113588035107,
      0.022926339879631996,
      0.024548586457967758,
      -0.00014597557310480624,
      0.021730372682213783,
      -0.0038826221134513617,
      -0.029103310778737068,
      0.005958881229162216,
      0.032875560224056244,
      -0.006743710953742266,
      0.0337667278945446,
      -0.02271413803100586,
      -0.019115734845399857,
      0.006978814955800772,
      0.02064431644976139,
      -0.012457086704671383,
      0.002426995662972331,
      0.0008618041756562889,
      0.011645117774605751,
      0.00688812555745244,
      0.016966013237833977,
      -0.005675784312188625,
      0.006720987148582935,
      -0.004333129618316889,
      -0.010753888636827469,
      0.007825720123946667,
      0.013903416693210602,
      0.005600312724709511
    ]
  },
  {
    "cluster_name": "Офис-менеджер в туристическую компанию",
    "cluster_emb": [
      -0.044158581644296646,
      0.08715002983808517,
      0.09134708344936371,
      0.030561290681362152,
      0.11275486648082733,
      -0.16036394238471985,
      -0.04326392337679863,
      0.027617400512099266,
      -0.04905528575181961,
      0.06801287829875946,
      -0.09019935876131058,
      -0.1830422580242157,
      -0.038039371371269226,
      -0.011613871902227402,
      -0.012853101827204227,
      -0.010938993655145168,
      0.017530906945466995,
      -0.04058574140071869,
      0.001780545455403626,
      0.09720607101917267,
      -0.019368303939700127,
      -0.044571131467819214,
      0.0012022409355267882,
      0.0010916736209765077,
      0.0121671287342906,
      0.0006554825231432915,
      -0.020453007891774178,
      -0.020832300186157227,
      -0.04580109938979149,
      -0.019011246040463448,
      0.006039787549525499,
      0.0007478622137568891,
      0.010444342158734798,
      -0.011713792569935322,
      0.0108555369079113,
      0.003270757384598255,
      0.025034889578819275,
      0.008893229998648167,
      -0.0039062288124114275,
      -0.00153151317499578,
      0.002329304814338684,
      -0.0030881687998771667,
      0.012558761052787304,
      0.012791626155376434,
      0.000549864606000483,
      0.010200411081314087,
      0.004408651031553745,
      0.0014033181359991431,
      -0.004339274950325489,
      -0.0057186707854270935,
      -0.009228233247995377,
      0.01388705987483263,
      -0.00640633562579751
    ]
  }
]